11897815
16470730
17999366
17989066
17853472
17620046
17611641
17480121
17363630
17334992
17322880
19097825
19058200
19024765
18990708
18923514
18923513
18840528
18769679
18681787
18633976
18522760
18439401
18414403
18374305
23495708
18349135
18252227
18184952
18163449
19287141
19287139
19287137
20029827
19966786
19941018
19935830
19920853
19910074
19908389
19895225
19883952
19880096
19877165
19818200
19793310
19786961
19755429
19752307
19752160
19661838
19625284
19566951
19557195
19546859
19506092
19492091
19443537
19404257
19401682
19384346
19339915
19338500
19329560
19302770
21475803
25567849
19176555
21154326
21119085
21055719
20972252
20970697
20964600
20948821
20888040
20868653
20858243
20841430
20814257
20808231
20808228
20807775
20803727
20706171
20691406
20663923
20646681
20587603
20562745
20531469
20518381
20502679
20473310
20433910
20427753
20421931
20368508
20236124
20132918
20080665
20059347
22207624
22169095
22139918
22130109
22122342
22118685
22102821
22095694
22093425
22085975
22056632
22039585
22016809
22003227
21996756
21989848
21981781
21931978
21895634
21865298
21854229
21850686
21844811
21841781
21837366
21832240
21824431
21812102
21792059
21707460
21701786
21694734
21689796
21681106
21658583
21658582
21658581
21629438
21626674
21617367
21572526
21542059
21531908
21480499
21473983
21472451
21442598
21439084
21397722
21360829
21360662
21358714
21349377
21324950
21302340
21289514
21285144
21285140
21278390
21269290
21262241
21259039
21254448
21206513
21204834
22832608
23260136
23253088
23250815
23239965
23208842
23184456
23159942
23148125
23143521
23073310
23062301
23062300
23055267
23032108
22970919
22930557
22909152
22903639
22900207
22900020
22890305
22884480
22872102
22828807
22825934
22822384
22817714
22795968
22786613
22778016
22763160
22726847
22702362
22689755
22682706
22678932
22678785
22617343
22615578
22596160
22585873
22549408
22543975
22521361
22503632
22499536
22492990
22472195
22463983
22457638
22424231
22405623
22369279
22311498
22310325
22294875
22257670
22241247
22234155
22228017
22228009
22228006
22223503
22209245
25089229
24368850
24352232
24344280
24339137
24311194
24296445
24290388
24269040
24265791
24207117
24132905
24127788
24116704
24098143
24094742
24077551
24076603
24035194
24012080
24002085
23992925
23992924
23991104
23938935
23917946
23885228
23879678
23875794
23871472
23825557
23813976
23805272
23769996
23765050
23758813
23756379
23751890
23731025
23727450
23715297
23710042
23695283
23695280
23689535
23686817
23657883
23638902
23637818
23632794
23632792
23625158
23582872
23575222
23555275
23536886
23535821
23533600
23503716
23495136
23494856
23472757
23468870
23454270
23451085
23444593
23443968
23438595
23428932
23428498
23396985
23375656
23350639
23341896
23335808
23325106
23315237
23300510
23284145
23277134
23275889
25510512
25493922
25432440
25421404
25421402
25418414
25392729
25337070
25314797
25311365
25287832
25266033
25257083
25232142
25217958
25173933
25171325
25170348
25152847
25143601
25131546
25062598
25050139
25044251
24991439
24961180
24906019
24885232
24878448
24870134
24866414
24866042
24842673
24839933
24839052
24834046
24821083
24817631
24811917
24807792
24776740
24768552
24764060
24738190
24705289
24689080
24667445
24667286
24664471
24651471
24643514
24614762
24581740
24563798
24508361
24497845
24463508
24386451
24381304
24380768
24372918
25852443
25816101
25792359
25783485
25755142
25726360
25694803
25690317
25688292
25678630
25655306
25629966
25621974
25606385
25596525
25587659
25582617
25581360
