11095040
10900024
10832780
10695900
11694696
11439759
11343340
11337745
11180218
12463522
20046442
12400313
12378124
12364846
12236615
12136055
12058840
12039413
12038546
12030690
12023313
12014790
11949896
11944873
11915825
11891634
11803514
11783055
14678306
14606695
14600495
14580127
12937074
12876177
12865374
12860781
12851079
12850661
12742874
12727783
12718299
12699594
12639336
12567219
12535477
12525726
12519599
15613987
15605469
15595374
15575418
15575415
15575413
15571713
15569287
15563013
15559893
15548557
15547804
15546805
15485354
15482503
15467983
15449517
15362169
15358871
15335344
15326621
15318025
15305126
15298645
15230457
15219586
15204450
15197396
15187809
15184241
15148195
15081964
15070549
15024396
14979766
14768664
14714933
16360218
16337093
16316486
16306324
16283875
16269366
16252243
16239862
16235322
16213805
16203260
16195523
16189504
16182672
16182660
16182562
16167094
16167091
16167088
16162125
16161095
16155853
16155570
16155054
16155053
16138288
16119475
16108456
16061766
16051461
16049642
16045590
16043324
16034901
16005604
16001817
15985922
15974490
15952184
15937040
15935431
15933650
15932615
15909403
15909402
15905639
15857858
15856726
15843105
15819649
15805158
15796127
15793685
15770164
15769490
15759262
15749251
15749246
15749240
15747750
15741748
15739725
15739724
15736086
15736077
15733271
15729132
15705609
15699309
15698353
15694294
15655077
15647058
15634320
15627587
17191098
17186368
17180459
17171539
17166860
17160460
17160457
17160456
17146708
17146700
17137564
17137561
17133386
17127613
17109795
17099850
17088275
17082977
17082976
17080274
17072753
17072752
17066307
17055592
17051443
17033973
17031449
17029019
17022081
17018169
17015560
16981813
16977497
16971481
16953005
16940316
16935268
16924017
16919136
16919134
16915534
16911979
16911977
16911972
16906564
16900401
16897400
16897396
16897380
16891339
16877661
16868848
16868847
16868570
16855879
16855475
16845578
16842863
16840248
16838131
16829668
16818868
16813044
16807320
16806106
16787891
16779311
16766215
16765022
16754842
16740821
16729252
16721407
16715207
16713326
16712641
16706857
16702096
16698432
16685190
16685189
16685188
16684811
16682399
16649827
16639107
16638513
16634981
16625438
16598435
16581239
16580643
16575542
16566884
16555138
16554960
16547798
16533093
16516441
16512358
16494569
16488864
16480738
16478553
16477477
16466284
16456727
16455173
16440244
16440241
16440240
16417872
16395127
16390003
25520761
22122131
18162646
18160559
18160549
18096192
18093031
18063034
18058824
18058212
18058011
18058010
18056691
18049972
18042715
18039240
18034295
18033980
18033148
18021459
18006963
18006270
17999366
17995487
17985221
17983671
17980971
17975722
17974928
17967921
17963436
17963435
17963433
17959814
17952582
17950417
17948868
17940244
17929156
17927825
17927727
17924181
17908421
17898000
17890519
17890408
17885929
17885828
17880641
17880640
17879151
17875913
17852517
17845237
17804536
17764946
17728505
17719953
17712621
17707658
17706614
17698452
17696172
17690969
17683451
17683336
17682931
17675408
17675025
17674175
17668309
17666889
17665298
17663613
17656398
17641255
17641122
17631869
17624077
17624075
17624067
17616796
17613454
17608652
17606819
17605097
20072702
17598873
17587278
17568686
17566672
17547689
17542655
17519028
17508426
17505877
17505203
17501728
17497416
17489958
17489810
17463242
17451856
17435464
17428563
17420414
17419661
17416819
17415598
17410416
17410414
17404137
17401614
17388098
17381792
17376794
17376139
17354556
17353211
17352947
17336944
17336346
17334114
17314718
17300551
17290335
17289941
17287714
17286849
17286734
17283306
17280648
17273936
17273934
17268883
17261678
17253538
17241485
17221838
17219059
17216332
17206522
17202868
17200260
19114183
19106426
19102591
19100789
19082877
19081216
19064459
19064038
19058789
19057419
19051001
19047542
19047216
19046189
19046177
19043937
19043581
19033217
19028469
19027584
19023654
19023650
19017167
19017030
19015734
19015104
18999918
18998843
18998837
18990052
18988196
18978390
18977396
18957284
18954479
18954477
18954475
18953053
18950798
18945690
18930471
18929057
18923049
18846426
18838031
18834977
18826017
18817733
18814976
18810626
18805948
18805943
18805942
18805830
18791816
18785970
18784992
18784092
18782963
18782849
18775096
18771512
18766980
18763876
18759867
18726118
18716736
18712466
18712004
18706434
18704827
18704672
18702711
18701743
18692181
18681787
18678799
18676531
18672231
18665976
18664210
18664177
18656577
18655894
18650683
18648920
18646386
18631120
18627038
18626760
18621359
18615476
18606031
18602868
18597938
18597114
18595965
18592365
18579645
18579644
18579643
18566880
18564888
18564076
18563708
18561942
18521999
18519493
18512762
18495494
18487520
18483843
18473159
18461508
18456689
18444026
18443967
18440037
18437549
18434923
18434543
18420528
18420518
18416666
18414094
18403821
18401692
18384537
18384058
18382280
18381511
18378000
18374305
18373717
20145777
18369718
18359780
18354150
18349135
18348375
18340518
18331812
18330904
18327636
18321829
18311515
18311409
18310165
18306031
18301319
18300725
18283277
18269411
18267323
18262208
18258309
18255038
18252227
18250309
18243253
18237439
18232455
19360649
18230852
18228241
18223452
18207372
18203167
18197083
18192288
18191778
18189281
18188684
18184952
18181880
18179900
18178598
18174559
18173623
18172754
18164320
24009649
19287141
20031980
20031197
20030550
20029941
20029827
20026220
20019145
20014095
20005580
20001973
19998539
19995886
19966261
19964993
19948568
19944836
19941759
19941156
19941058
19937237
19936907
19936320
19933441
19933388
19924521
19920853
19915733
19914796
19910158
19906386
19904210
19894076
19890707
19885834
19881941
19880095
19850849
19843319
19843262
19840062
19828270
19824216
19822263
19820416
19819933
19816850
19815780
19812320
19809572
19805709
19805460
19798562
19798489
19793310
19790171
19786328
19785304
19782668
19765009
19759063
19758535
19757876
19755429
19748900
19748370
19745659
19743757
19731010
19728065
19726642
19726029
19717654
21547716
21088714
19710912
19708861
19702410
19697973
19686766
19680798
19673801
19672122
19669991
19665348
19659737
19655239
19647799
19647026
19646533
19644747
19641081
19639653
19633942
19630898
19630888
19630577
19629827
19628041
19626433
19620187
19619200
19617855
19617459
19615670
19609662
19606485
19605649
19596053
19592739
19590943
19582565
19582563
19582487
19580821
19580548
19578379
19565319
19554561
19551561
19549197
19549192
19548256
19545907
19540081
19538990
19536839
19535469
19535466
19535465
19533316
19528026
19527315
19525746
19524608
19505497
19500604
19495951
19492091
19488842
21547710
19466534
19455149
19455147
19450950
19449096
19444682
19441123
19440093
19428696
19428413
19421728
19420259
19419735
19409535
19407672
19407271
19404834
19403506
19403494
19398354
19397868
19396535
19395694
19380514
19364768
19363372
19360688
19360681
19360673
19360664
19360663
19360656
19358305
19356262
19353907
19353262
19343569
19343198
19340628
19339915
19339766
19335381
19320905
19319887
19318992
19309548
19296313
19296212
19280575
19280574
19294498
19291379
19288296
19285351
19277856
19255034
19252129
19250254
19250252
19243924
19243448
19239079
19226509
19218544
19214283
19213290
19212262
19210944
19208814
19207630
19207623
19205862
19205859
19205858
19205856
19199028
19195194
19186208
19185317
19176577
19176576
19174370
19173683
19167832
19165532
19159835
19159834
19151375
19135077
19127655
19120712
19120708
20217978
20217977
21187372
21182211
21176203
21174021
21171753
21169581
21166670
21165765
21161577
21161575
21160437
21154326
21153875
21153873
21151189
21150165
21147225
21135768
21134442
21134386
21131234
21130877
21129365
21126245
21125322
21122921
21122785
21122784
21119899
21117839
21116700
21116441
21114665
21114638
21114403
21111574
21110988
21108678
21108403
21107871
21102624
21099437
21097185
21096416
21095653
21093776
21093492
21093184
21086033
21082657
21080217
21079184
21078973
21078227
21077359
21074040
21073464
21069446
21064018
21061054
21049753
21042873
21042871
21041620
21039752
21037802
21034472
20981777
20981774
20977557
20977517
20977515
20976638
20975934
20974899
20972615
20972252
20969835
20966773
20959866
20949366
20948898
20946639
20942360
20937326
20930927
20929907
20926458
20925134
20924246
20924155
20923896
20923893
20923889
20921395
20889680
20889652
20889590
20884562
20879275
20877561
20877532
20868653
20868372
20859669
20858472
20855904
20853917
20844286
20841344
20839043
20839041
20839039
20837594
20826075
20822209
20819977
20818729
20816701
20808228
20806998
20804366
20804247
20803727
20802310
20800990
20800988
20796101
20735198
20734225
20731709
20731491
20730775
20728876
20714799
20714798
20711649
20707874
20707655
20704635
20702694
20700638
20699105
20694871
20694508
20691407
20683766
20679296
20678259
20678249
20678246
20675842
20675420
20671017
20663013
20661300
20658161
20656736
20655060
20652387
20651949
20649912
20646681
20646129
20645311
20643377
20643376
20640592
20637245
20634960
20634369
20634041
20633070
20632321
20631228
20630993
20628800
20628441
20628438
20627451
20626635
20626528
20623818
20623389
20623006
20621638
20619617
20619521
20618639
20615089
20613623
20613532
20610137
20609478
20608859
20607640
20605942
20605520
20600463
20600340
20598853
20591956
20591942
20589913
23504540
20585266
20582871
20578929
20577621
20575109
20573161
20567604
20563296
20558187
20557481
20556501
20546762
20546095
20543026
20542395
20536353
20533450
20532957
20523752
20522453
20521090
20519063
20518800
20515333
22563527
20502989
20500784
20499148
20497452
20494264
20484237
20484003
20484001
20484000
20481399
20479760
20473590
20473589
20473347
20473310
20470877
20466322
20457689
20456782
20456535
20452058
20451347
20450890
20450465
20447444
20446882
20441426
20440639
20440228
20439736
20435366
20431403
20423546
20415604
20414801
20414800
20412258
20412248
20412115
20411397
20410715
20407815
20405543
20405194
20405192
20396429
20395924
20395281
20395263
20391113
20390313
20386975
20381588
20375735
20370811
20362379
20361243
20357304
20357302
20354776
21836799
20352250
20346615
20345958
20309832
20301775
20301558
20301337
20301009
20300816
20299185
20298210
20238154
20221933
20214992
20210498
20207104
20204691
20195734
20192785
20191404
22127837
21731881
20183733
20179000
20176116
20162629
20161060
20160648
20159109
20155310
20153764
20149593
20148275
20143146
20143145
20136927
20121880
20112085
20108116
20101695
20094064
20087182
20083529
20077796
20077233
20067640
20067608
20066484
20056569
19948611
19948606
20050924
20049633
20049632
20045424
21722508
21577334
21425702
21423512
22207463
22207462
22207461
22206802
22201210
22200338
22191179
22190053
22189963
22188793
22187679
22183423
22180456
22180389
22180003
22176938
22176937
22176278
22168894
22167342
22166171
22164808
22162360
22160299
22157351
22155284
22146933
22146274
22143726
22139976
22139918
22138506
22136121
22133872
22132806
22129897
22127832
22125578
22125377
22124272
22123952
22123514
22122342
22119903
22119699
22118246
22113746
22110612
22106036
22105621
22105143
22105142
22105141
22095612
22093691
22093662
22093648
22090498
22087043
22086712
22068627
22065253
22059091
22051563
22051160
22050706
22048962
22047968
22042309
22042308
22037220
22037176
23362034
23362033
23362032
22029480
22026573
22026018
22022826
22021276
22021093
22018722
22017703
22016809
22012246
22011005
22009628
22008607
22007975
22007018
22004249
22003227
22001913
22001766
21996756
21995042
21995034
21995007
21994763
21992466
21989804
21985993
21983910
21981781
21979108
21975037
21975036
21974935
21974786
21972233
21970830
21969075
21968196
21965086
21963350
21960455
21958010
21955111
24058266
21950370
21949005
21949003
21949002
21948742
21947709
21947663
21947617
21943127
21365597
21939651
21937981
21935445
21932156
21928891
21927523
21926154
21919582
21919304
21916929
21906006
21914906
21910524
21908517
21905806
21905805
21905802
21905246
21904210
21901111
21896334
21895562
21893949
21893887
21890803
21888765
21887382
21886617
21885470
21884523
21884314
21883974
21883598
21882362
21882359
21881965
21881456
21878566
21874396
21871367
21855394
21853373
21851192
21832240
21832174
21831593
21831244
21831239
21819277
21818676
21810909
21810908
21807842
21798110
21789519
21788256
21788255
21786105
21777159
21767826
21762713
21757185
21756930
21755304
21750575
21743819
21733959
21731598
21729257
21728905
21728431
21727249
21721946
21717269
21716289
24273595
23484554
21713590
21713589
21710136
21706249
21705486
21705475
21701991
21700417
21699271
21697194
21696917
21693631
21692142
21691865
21691864
21691713
21690082
21689796
21689015
21687660
21680558
21679969
21677170
21675293
21671049
21669013
21667201
21658904
21658581
21656903
21647792
21629824
21629200
21626680
21626674
21624480
24168484
21622042
21620716
21615902
21614001
21610500
21610191
21610189
21610187
21609942
21609889
21609768
21608137
21606927
21601832
21599679
21592626
21592470
21592401
21592359
21590433
21576313
21575840
21575838
21575837
21573835
21571763
21569571
21569013
21568252
21567917
21558424
21558125
21556969
21556966
21555957
21555073
21552087
21552086
21552085
21547412
21538171
21536976
21533542
21528155
21527449
21519952
21519539
21517957
21516433
21516264
21515200
21513803
21511710
21509596
21508854
21503795
21501488
21498045
21494413
21491612
21490592
21490227
21489391
21489047
21487836
21486899
21486898
21486897
21484516
21484202
21484199
21482605
21480545
21479223
21478072
21476362
21470425
21470330
21468770
21465664
21464365
21464237
21464196
21464191
21461602
21460645
21455794
21453474
21448751
21442600
21428729
21426369
21425398
21424863
21423409
21421903
21418200
21417812
21414140
21411674
21404085
21401819
21401812
21401594
21387111
21383861
21382410
21377246
21376278
21375639
21373957
21372149
21364653
21360662
21360021
21360019
21359552
21359057
21357862
21350920
21342500
21339248
21333661
21329752
21329489
21329432
21328709
21328570
21327833
21319933
21318642
21318394
21316312
21316189
21310667
21310395
21309772
21309696
21308998
21308764
21301946
21300654
21300442
21293294
21289538
21289536
21289514
21287756
21286365
21281850
24482554
21273041
21272389
21267429
21255973
21254450
21244489
21244421
21240748
21235609
21231817
21223259
21221753
21220020
21218680
21212702
21207316
21205326
21195198
21194245
23504265
22937257
22937256
22937254
22937253
22937250
22937241
22832355
23271456
23267399
23267324
23263769
23262658
23260611
23260170
23253014
23251443
23250422
23249372
23248590
23248075
23245792
23239965
23239098
23237021
23234539
23229454
23227853
23227334
23226956
23226955
23226952
23226951
23226454
23224593
23224592
23223363
23223362
23222182
23217291
23216716
23216418
23216206
23212808
23206665
23203905
23203404
23198929
23198306
23194079
23193469
23188884
23187983
23183316
23179340
23175750
23175749
23174116
23171311
23169495
23166010
23165989
23163951
23163236
23158218
23153932
23153818
23152985
23151404
23148497
23147969
23146284
23143943
23142408
23141534
23140414
23140338
23139831
23139377
23135317
23118259
23118258
23118257
23118256
23118250
23118247
23118246
23133594
23132272
23131376
23124442
23124361
23124360
23124359
23124358
23124137
23123875
23123360
23121303
23118015
23117424
23114569
23110514
23108988
23108741
23107379
23106988
23106733
23106179
23104618
23104617
23104615
23104247
23101742
23101741
23101727
23100053
23098794
23097380
23096764
23095496
23095065
23093693
23090336
23087625
23083465
23080207
23078094
23076505
23074688
23074245
23074034
23072222
23070790
23065719
23065101
23063769
23063420
23060671
23060662
23057627
23056384
23055480
23055291
23055284
23055002
23054248
23054199
23052144
23052135
23052134
23052133
23052132
23050521
23050145
23045222
23045221
23045220
23045216
23044278
23042790
23040909
23033333
23032385
23032376
23031060
23030785
23030681
23030628
23030259
23025641
23021742
23021482
23021075
23020841
25328380
24999353
23018752
23018698
23017597
23017040
23012853
23011252
23008247
23002102
23001768
22998594
22998486
22994563
22987889
22987888
22987887
22987886
22986996
22984462
22981637
22976374
22975621
22972423
22970487
22970227
22968137
22967743
22967045
22965935
22965299
22965006
22964437
22964266
22963616
22962003
22960335
22958973
22958829
22958616
22958593
22958572
22958506
22952789
22948383
22947311
22947310
22945359
22945284
22944257
22942539
22940852
22940168
22937258
22935271
22934180
22934167
22930557
22926922
22924341
22923209
22923066
22920657
22920179
22918709
22917844
22917205
22917201
22917199
22917150
22917128
22917124
22917123
22914777
22914776
22912506
22909395
22909153
22904114
22901951
22901078
22900501
22899798
22895777
22892891
22890558
22890405
22890403
22887843
22883468
22879836
22878512
22876595
22874529
22874006
22872163
22869324
22866933
22865711
22865604
22862778
22861133
22860166
22859698
22859574
22848613
22848344
22847297
22847031
22844154
22844137
22841693
22841319
22840550
22836322
22832774
22832681
22829245
22825926
22823064
22820233
22819155
22819011
22815516
22815011
22810216
22809077
22806000
22804700
22802640
22801823
22801296
22800511
22798051
22791801
22791126
22790429
22790383
22786754
22765335
22781543
22781058
22780332
22777602
22777127
22773736
22771169
22767139
22767138
22760919
22754277
22753237
22753018
22751752
22751751
22749736
25237236
22745707
22744151
22742928
22739633
22738402
22736195
22736078
22735897
22735682
22730909
22730494
22723984
22723127
22722980
22721596
22721594
22717029
22716265
22713374
22712893
22711729
22705454
22701322
22700988
22699620
22699619
22699247
22699139
22699044
22698779
22698663
22696195
22690864
22690736
22689534
22689191
22688680
22688636
22688012
22686868
22686481
22686389
22684525
22683681
22683514
22682727
22681640
22678458
22677565
22674695
22674669
22674640
22670143
22666378
22664040
22653549
22648721
24683490
22645399
22644965
22644617
22643885
22643602
22642847
22639681
22635289
22632093
22624178
22622767
22615702
22610469
22592906
22591576
22589453
22589452
22589251
22588377
22585766
22582848
22582764
22580987
22580734
22578327
22577170
22576167
22576075
22570549
22569187
22567102
22566396
22564339
22563045
22562210
22558107
22550089
22549408
22546616
22546060
22544470
22544388
22543975
22539770
22539079
22537359
22537103
22535309
22535281
22528029
22527704
22527700
22525955
22525954
22524375
22522213
22521285
22519262
22515401
22512510
22511918
22511450
22508080
22506796
22506216
22505330
22503632
22503282
22502846
22502844
22502841
22502836
22502832
22500012
22495745
22494796
22492990
22492772
22491950
22490014
22488896
22484794
22484793
22475181
22473836
22473816
22472945
22472195
22470425
22470358
22463983
23930328
22460295
22456820
22456816
22453928
22450702
22449643
22449637
22449217
22448991
22435671
22431453
22428792
22427366
22427260
22426803
22425995
22422339
22421071
22420121
22417232
22414705
22411233
22408612
22407580
22407579
22405972
22405935
22404122
22403466
22403453
22403446
22399449
22399447
22399446
22399411
22397633
22396224
22395820
22392415
22392258
22390668
22378673
22378669
22370992
22366913
22366448
22365836
22365461
22361923
22361148
22361019
22361005
22360624
22360368
22359385
22359339
22359275
22356183
22354708
22351071
22350336
22350062
22349444
22348343
22348092
22343482
22331792
22328179
22322581
22318118
22314481
22311204
22310506
22309718
22299802
22297202
22297201
22294525
22293006
22292906
22291951
22290121
22288405
22278030
22278029
22277122
22276654
22272290
22271699
22271695
22270229
22267105
22260255
22257674
22256539
22255548
22255539
22251289
22250966
22250965
22250447
22250193
22249651
22249148
22249109
22245010
22236458
22235552
22230961
22230884
22230883
22230043
22228009
22227279
22226294
22226293
22223503
22222776
22221670
22219019
22218470
22215436
22215435
22213401
22212893
22209245
25089229
24179736
23990839
23990828
23873289
23705346
23594493
24368901
24367965
24367956
24366990
24366270
24364620
24363669
24363166
24362849
24362795
24362370
24362109
24361810
24358030
24357335
24357051
24356715
24356376
24355397
24354891
24353985
24353275
24353274
24353165
24350950
24350413
24350200
24349886
24348363
24346492
24346312
24344280
24342850
24342841
24342713
24342389
24341852
24338682
24337829
24337796
24335547
24335116
24335115
24335114
24333577
24333160
24332667
24331358
24331303
24329926
24328834
24326863
24324237
24321513
24321212
24315837
24315484
24313313
24313001
24312466
24312118
24311538
24311450
24310317
24305776
24304222
24303981
24301647
24300947
24297883
24297668
24296891
24295761
24295557
24295159
24294201
24294197
24293564
24293083
24293051
24293040
24292591
24292493
24291416
24290951
24290389
24290388
24290385
24290383
24290382
24290381
24287856
24287372
24284059
24283751
24281422
24280031
24277719
24277715
24275020
24274034
24273708
24269731
24269298
24269274
24267887
24267886
24267649
24266778
24265612
24265216
24261547
24259748
24255601
24254639
24254638
24249825
24249596
24240654
24239062
24237479
24236934
24235301
24234289
24232378
24231172
24231171
24231170
24231169
24231167
24231166
24231165
24231164
24231056
24228477
24223050
24221817
24219603
24218108
24217336
24216070
24216056
24213328
24211371
24210821
24210815
24209428
24207117
24206628
24206240
24205355
24204377
24202730
24201088
24199947
24197623
24195907
24195905
24195900
24195899
24193578
24193577
24192574
24190681
24188901
24188528
24188502
24187227
24186644
24183985
24183618
24183209
24183205
24180635
24179854
24179823
24179793
24179786
24179485
24174896
24174710
24174324
24172694
24170272
24169519
24168814
24167175
24167172
24165702
24165274
24165273
24164323
24163114
24158680
24158679
24157516
24157389
24156772
24156344
24155703
24155702
24155217
24154761
24153056
24152035
24151553
24151172
24151129
24151127
24150989
24150885
24150884
24146130
24145379
24144704
24142797
24142796
24142795
24141746
24141271
24140580
24139812
24139716
24136242
24135485
24133439
24133425
24129612
24129012
24128657
24128041
24127165
24127164
24126871
24126870
24126869
24126868
24126867
24126865
24124133
24124093
24124074
24124067
24124055
24123946
24121180
24121062
24119295
24118847
24117718
24117274
24115930
24114582
24114346
24114289
24114234
24114226
24114161
24114160
24114154
24114109
24113343
24113342
24113341
24113339
24108191
24105433
24105364
24104519
24104518
24104517
24104513
24104512
24104511
24104510
24104509
24104507
24103642
24103585
24103554
24101718
24101715
24100941
24097852
24097141
24096533
24096312
24095577
24094742
24093627
24093601
24093161
24092841
24092840
24091472
24091469
24090638
24090431
24089423
24089369
24088047
24087935
24086549
24085796
24083388
24081405
24080699
24079538
24077784
24077783
24077782
24077739
24077467
24077464
24077069
24076603
24075141
24074477
24074472
25628712
24073267
24072661
24072046
24070828
24069955
24069051
24068330
24066979
24066114
24063565
24062673
24062668
24062183
24060256
24059750
24058641
24058493
24057130
24057094
24056118
24055954
24055857
24053984
24051364
24045981
24042084
24042079
24040973
24039228
24037639
24036961
24036677
24035194
24034961
24033275
24033239
24031089
24031086
24029808
24026913
24026277
24024553
24022989
24022730
24022729
24020859
24019124
24018545
24015896
24015827
24014552
24014195
24014194
24014174
24012587
24011823
24009062
24007566
24007557
24005987
24005986
24005531
24004846
24003938
24002415
24002414
24001171
24000295
23999870
23998995
23998722
23996904
23996903
23996198
23995680
23994547
23994318
23993773
23992925
23992924
23989937
23989909
23986012
23985136
23985036
23984883
23983203
23982488
23982487
23980747
23979605
23974867
23973801
23973369
23973243
23972695
23970970
23966936
23965928
23965925
23965890
23964223
23964221
23963592
23962468
23959925
23959534
23958959
23958770
23956859
23956616
23956104
23954299
23954107
23953133
23952538
23949101
23949000
23948127
23944149
23943360
23938610
23937369
23935931
23935579
23935565
23935468
23932735
23931847
23930546
23929944
23929830
23927989
23926752
23926295
23925965
23925007
23922500
23921282
23918441
23918416
23917373
23914277
23914151
23909620
23907924
23907710
23903694
23903586
23901152
23900859
23898259
23897915
23897273
23897143
23895065
23894016
23894001
23893967
23893954
23893373
23893100
23893099
23892605
23890587
23889838
23888357
23888326
23886763
23886575
23885233
23882194
23882003
23881094
23880656
23880491
23880490
23880382
23879678
23878213
23876131
23875722
23874279
23873852
23873071
23872404
23869975
23869771
23869435
23868876
23867813
23867198
23867067
23865950
23864402
23861807
23860740
23860508
23860047
23858446
23857805
23857779
23852013
23850593
23849776
23849396
23847130
23844273
23844202
23843785
23843293
23839164
23838890
23838889
23838729
23838695
23836119
23835847
23829146
23827959
23825557
23824705
23824559
23824472
23820819
23818987
23818387
23816781
23816633
23816626
23815188
23813699
23812759
23812664
23810631
23807205
23807202
23806204
23805122
23803651
23803646
23800562
23800481
23800273
23799244
23798500
23797714
23795254
23793277
23792373
23792372
23792328
23792265
23790516
23788522
23787411
23786904
23785489
23784073
23782166
23782128
23782126
23778583
23776121
23775107
23774058
23773279
23772227
23771517
23769996
23769889
23768814
23766737
23766675
23765050
23763370
23762602
23762552
23758760
23754340
23754339
23754264
23750231
23748659
23748436
23748386
23747943
23747941
23747938
23747518
23747233
23746936
23745960
23745132
23744970
23744158
23743958
23742094
23740200
23739917
23739542
23739541
23735056
23734230
23734121
23731181
23730782
23730123
23729334
23727450
23727253
23719853
23719758
23715297
23714751
23713930
23711629
23708709
23707581
23706681
23702446
23701321
23697635
23696841
23696340
23696132
23695273
23695233
23695223
23692590
23691129
23690567
23689535
23686020
23685759
23683150
23682728
23681789
23681164
23676181
23675308
23673307
23672659
23672658
23670577
23667364
23667360
23667359
23666520
23666287
23664616
23661504
23658163
23656698
23656636
23654042
23645137
23645093
23644587
23643763
23640545
23639254
23639144
23639131
23637652
23637569
23633937
23632792
23632039
23630514
23628433
23628291
23625158
23623455
23622406
23621888
23619953
23619950
23616751
23615687
23615300
23615299
23614935
23613864
23613341
23613074
23608919
23608559
23605958
23604965
23604083
23604007
23603445
23600472
23596436
23596190
23592848
23591021
23588510
23586852
23585026
23582872
23582871
23580133
23578548
23578362
23578015
23576966
23576375
23575643
23574876
23574415
23566184
23564208
23561717
23553149
23550495
23548689
23547820
23547019
23545801
23545793
23545349
23543293
23543292
23541737
23540520
23539880
23539140
23537858
23536992
23536263
23535253
23533028
23532374
23532337
23530174
23528441
23527644
23526921
23526036
23522863
23521055
23520485
23519204
23517654
23514105
23512772
23511847
23511344
23510981
23510581
23509963
23509101
23507615
24988818
23504377
23504376
23497090
23495136
23495067
23494922
23483716
23480473
23479074
23477662
23477536
23477404
23476144
23476129
23476067
23475013
23475000
23472601
23471478
23468902
23468870
23466656
23466586
23462988
23460690
23459124
23458504
23456348
23454270
23453885
23452686
23451085
23450453
23449747
23448099
23447831
23446722
23445933
23445896
23445685
23442984
23436806
23436803
23436788
23436778
23436049
23430497
23430177
23427110
23426380
23425893
23425232
23418517
23417264
23417134
23417131
23415480
23414618
23411823
23410601
23406909
23406841
23406740
23406739
23404112
23404046
23404041
23401090
23400643
23400613
23400348
23400046
23399981
23395715
23393157
23392116
23389964
23387530
23386741
23382577
23381487
23381484
23381483
23378394
23378062
23376628
23376409
23375976
23375656
23374063
23372620
23372032
23371508
23368711
23366682
23366211
23361917
23355952
23351174
23350819
23350540
23347471
23343028
23342130
23340503
23338532
23336697
22374775
23335808
23334984
23334808
23334404
23334079
23333625
23332397
23331110
23330630
23329879
23328816
23325215
23322944
23320805
23320572
23320543
23319907
23316882
23316143
23314778
23311691
23311315
23308096
23307419
23304550
23301903
23301899
23300067
23299250
23299185
23294523
23294224
23289935
23287023
23286135
23286056
23283629
23280234
23279238
23278927
23278839
23277139
23277134
23275889
23275403
23273906
25408899
25014668
24971262
24761228
24626980
25546644
25546274
25543996
25542700
25542277
25541740
25540679
25539681
25539091
25539088
25538661
25538564
25535971
25535174
25534777
25534755
25533997
25532026
25530916
25530879
25530819
25529303
25529048
25527866
25526953
25526952
25526837
25526836
25526834
25526833
25526832
25526830
25525873
25524571
25522338
25521064
25520765
25520270
25518287
25514080
25512973
25511123
25510457
25505409
25505401
25504639
25503681
25503680
25503679
25503485
25503484
25503304
25499896
25499469
25498876
25498856
25496798
25495867
25494497
25491025
25488004
25488003
25485869
25484991
25484479
25484361
25483344
25479816
25479815
25475363
25475362
25471824
25471559
25470557
25469681
25469002
25468409
25465055
25464374
25462519
25462468
25461225
25460221
25459142
25457930
25457511
25456746
25455866
25454358
25453709
25452821
25452672
25450950
25448918
25447790
25446464
25446203
25445995
25444158
25442191
25442006
25441653
25441393
25440829
25440561
25440311
25439857
25439739
25439161
25433958
25433405
25433099
25433045
25432726
25432506
25432505
25432504
25432440
25432101
25432100
25429265
25428403
25428292
25428291
25428252
25428212
25425636
25424714
25424398
25421404
25421402
25420674
25420221
25420124
25419497
25419257
25418537
25418509
25418414
25416642
25415280
25414924
25414770
25413144
25413143
25409314
25409132
25408912
25403232
25400899
25399394
25398894
25398893
25398603
25398602
25398390
25396704
25395988
25395094
25392730
25392729
25392516
25388972
25386957
25385293
25384720
25381736
25381191
25380056
25379816
25379451
25379450
25379432
25379273
25377769
25376814
25376440
25374530
25374155
25374136
25374132
25374034
25372058
25371811
25371315
25370452
25369243
25367544
25367099
25366289
25365532
25363768
25363760
25363476
25361233
25361070
25360157
25360144
25358250
25353277
25351249
25350006
25348866
25348175
25348074
25347312
25346926
25346416
25346345
25346292
25345666
25344727
25342435
25339889
25339388
25337070
25336095
25332405
25331903
25331325
25331324
25330013
25329798
25329715
25328850
25328535
25326822
25326821
25326820
25326257
25326111
25325757
25325218
25325077
25323996
25323912
25321857
25321856
25321855
25321853
25321852
25321850
25321849
25320789
25319208
25318904
25316908
25315782
25315739
25315683
25313979
25313714
25313507
25313271
25313065
25312279
25312278
25311756
25311365
25309753
25309376
25309341
25308197
25305082
25304924
25303867
25303362
25303181
25300441
25299635
25299583
25299379
25294932
25294649
25294355
25293678
25293383
25292351
25289682
25288738
25288440
25288137
25287899
25287727
25287458
25286242
25286049
25285154
25284784
25283685
25283605
25281279
25280078
25279993
25278957
25278829
25278104
25276425
25275211
25275209
25273900
25273538
25272953
25271070
25271069
25270748
25267414
25267068
25267002
25266474
25266127
25263788
25262588
25262315
25262014
25261249
25261248
25261082
25260191
25258334
25258309
25258194
25258047
25257393
25257067
25256627
25256560
25256103
25256015
25255310
25253610
25253606
25253177
25252659
25251213
25249546
25248666
25248342
25246329
25245785
25245350
25245349
25245346
25244532
25243989
25241010
25241008
25239284
25239177
25239176
25234484
25234483
25234479
25234471
25234344
25231288
25231287
25229248
25228304
25227249
25225482
25225239
25224978
25224690
25224105
25222703
25222596
25221668
25221471
25219947
25218953
25218848
25217491
25217089
25216048
25212713
25212415
25212414
25212412
25212211
25211482
25211371
25210724
25210055
25202686
25201284
25200676
25200592
25200187
25198094
25196215
25194628
25194583
25194515
25194015
25193142
25193141
25192860
25192859
25191906
25191240
25190643
25189824
25189205
25189045
25188200
25187236
25186943
25182979
25182536
25182223
25182180
25180574
25180050
25180048
25179674
25179537
25178988
25178706
25177372
25176793
25176771
25174267
25173933
25170555
25170348
25170347
25169777
25169254
25165580
25165445
25165441
25163730
25159311
25157225
25155880
25155337
25154408
25153585
25153086
25151423
25151115
25149876
25149412
25149267
25149178
25149177
25148907
25148709
25148059
25148057
25147580
25147521
25145805
25145661
25144259
25143601
25141828
25140874
25137189
25136545
25136327
25134878
25134452
25133713
25132516
25131847
25131622
25131546
25131214
25129042
25126405
25126106
25123380
25117583
25117578
25116896
25114790
25110235
25109898
25109843
25109097
25108822
25108609
25108264
25108163
25107679
25106414
25103864
25103726
25103588
25101966
25101770
25100326
25100167
25099360
25096930
25095767
25093602
25093577
25092315
25092245
25089324
25089152
25085995
25085653
25084822
25084013
25083672
25082535
25081593
25080567
25078724
25077648
25076869
25073750
25073720
25073065
25072016
25071925
25071545
25070538
25070469
25068926
25066750
25066523
25066123
25066088
25064419
25062097
25061772
25061768
25059673
25059483
25059455
25058499
25057887
25057329
25056573
25054288
25054201
25053766
25052976
25050428
25050139
25049350
25048198
25048006
25047996
25046063
25045536
25039572
25038753
25038479
25037584
25037304
25035090
25035088
25034947
25031832
25029348
25029247
25029102
25027319
25024962
25024741
25023161
25022743
25022251
25022250
25022249
25019421
25019362
25019065
25018711
25018147
25018128
25011527
25010186
25010144
25009139
25009110
25007851
25004237
24998929
24998867
24997633
24996869
24996868
24994980
24993026
24991439
24991177
24989447
24989441
24986703
24985752
24983630
24983132
24982239
24982233
24982232
24981017
24980697
24979315
24979066
24977345
24976870
24976352
24976351
24974199
24970316
24970108
24970107
24969362
24968012
24966019
24965264
24963529
24962761
24962184
24962056
24961855
24961180
24961159
24960312
24958585
24958436
24958435
24958434
24957957
24956573
24955572
24955232
24954825
24953998
24953575
24952371
24952328
24951837
24951836
24951035
24950424
24945087
24944580
24942798
24938762
24936966
24936432
24936410
24936212
24936181
24934401
24934179
24932108
24931981
24930576
24929596
24929553
24929307
24928779
24928583
24927807
24926658
24926112
24925605
24925543
24923896
24923895
24922325
24920850
24919961
24917201
24916452
24916451
24916450
24915932
24915929
24915028
24913785
24913778
24912046
24911948
24911770
24909855
24909517
24907222
24906019
24905105
24904314
24904293
24903974
24903832
24902932
24902617
24898911
24898910
24895534
24895332
24895325
24894823
24893065
24890037
24889385
24888967
24886833
24885033
24884446
24882502
24882156
24881008
24878763
24876161
24875834
24875777
24875689
24875238
24874100
24873905
24872861
24872724
24872530
24869925
24866042
24865586
24865120
24864167
24863869
24861450
24860643
24860482
24859339
24857014
24855487
24855128
24854331
24854330
24852752
24852751
24851117
24850670
24849255
24848443
24847474
24846867
24845879
24845118
24842673
24840630
24840596
24840483
24840290
24839933
24839884
24839879
24839693
24839052
24838987
24838251
24838124
24838123
24837426
24836510
24836052
24834135
24832530
24832020
24828014
24827086
24825948
24824992
24824660
24824489
24822087
24821222
24821083
24820912
24819024
24817631
24817530
24816029
24815074
24814569
24814559
24814480
24814475
24813570
24813254
24811967
24805795
24803637
24803370
24803369
24803368
24803366
24802306
24799265
24799135
24796725
24795872
24795851
24794370
24791382
24791265
24789114
24788961
24785879
24785668
24783486
24782925
24782891
24782735
24782713
24782421
24782276
24780147
24778873
24778434
24778379
24778378
24777834
24777287
24777286
24777214
24776096
24773431
24771497
24771286
24770713
24769371
24768169
24767783
24765712
24764249
24762385
24761305
24756868
24755230
24754401
24753655
24753316
24753134
24752753
24752681
24752665
24751905
24750459
24748899
24748794
24747917
24747189
24745950
24745109
24740914
24740586
24740458
24739141
24739087
24738190
24737743
24737038
24737035
24737003
24736983
24735654
24733881
24730708
24729931
24724691
24724559
24722762
24718932
24715629
24715257
24715256
24713028
24712424
24712423
24712422
24711926
24710811
24710810
24709932
24709526
24709243
24709068
24705488
24705124
24701200
24700359
24699229
24698169
24696375
24696374
24695121
24694721
24694311
24694290
24690944
24687688
24687421
24687182
24687049
24687027
24686468
24686340
24686073
24685108
24684579
24684559
24683302
24683058
24682708
24682707
24682706
24682652
24681195
24680046
24679173
24678477
24678054
24673882
24671236
24670961
24667445
24664986
24664471
24663673
24661175
24659736
24659497
24658868
24658867
24656807
24656390
24656250
24655649
24655419
24654242
24652855
24652601
24651901
24651471
24650814
24650168
24649841
24648324
24647693
24645737
24644025
24643824
24643514
24643088
24640642
24639668
24639326
24639147
24637430
24636285
24636022
24635660
24634695
24634087
24631679
24630165
24629733
24629541
24629356
24627633
24624069
24622054
24621866
24621408
24619226
24614766
24614765
24614764
24614763
24614762
24613754
24613076
24610869
24610043
24605987
24605088
24604922
24604214
24603348
24603281
24602502
24600437
24596548
24593042
24592235
24591832
24591428
24590469
24590409
24587054
24585581
24584528
24584434
24582005
24581740
24581674
24581404
24580503
24578685
24577786
24577785
24576331
24574256
24574200
24573334
24571823
24571201
24570656
24568717
24568661
24567909
24566937
24566716
24565942
24565360
24564913
24564346
24563798
24563662
24561070
24559500
24558954
24552579
24552513
24550813
24550549
24550145
24550079
24548743
24547686
24535690
24535689
24535577
24535501
24533643
24533017
24532098
24531932
24530263
24529515
24528851
24527213
24526337
24526336
24523518
24523412
24522332
24520327
24519698
24519585
24518932
24517317
24516474
24515797
24515505
24514871
24509053
24508619
24508578
24508274
24507165
24505728
24505648
24505609
24505460
24500659
24500031
24499184
24498228
24497628
24497627
24497626
24497577
24493018
24491508
24489482
24488830
24488702
24488263
24488158
24488157
24488156
24488120
24488118
24486700
24485230
24482292
24481935
24481546
24480134
24478753
24477943
24472844
24472258
24472256
24472247
24470431
24470394
24468882
24465847
24464152
24463622
24463433
24463432
24462962
24462936
24462726
24460897
24456651
24453138
24452854
24452504
24452070
24451919
24450323
24449864
24449604
24449603
24448548
24448211
24444724
24444366
24441420
24439092
24435405
24433947
24432860
24429870
24424916
24419871
24419870
24419683
24418986
24417193
24416709
24416706
24416704
24416703
24413849
24413357
24412511
24410895
24410017
24408892
24408339
24405793
24400727
24399963
24399946
24399104
24398551
24397431
24393060
24392710
24392663
24392652
24392224
24391605
24390538
24389835
24389156
24387789
24386517
24384673
24383262
24382999
24381784
24381759
24381304
24381062
24380664
24379174
24377361
24376667
24375884
24375710
24375600
24373520
24372984
24372918
25823351
25802735
25784960
25855192
25855095
25853670
25853299
25853262
25852514
25852510
25851617
24464617
25849321
25847804
25847756
25847755
25847754
25847054
25846779
25846131
25844325
25844319
25844317
25844306
25844147
25844032
25843335
25841884
25840684
25838109
25837729
25837265
25837176
25836377
25835211
25835210
25834446
25832158
25833070
25832799
25832449
25831431
25831060
25829246
25827390
25826237
25825994
25824343
25822358
25822357
25822242
25821925
25821516
25820816
25820780
25820746
25820638
25820615
25819433
25817702
25816842
25813603
25812936
25810370
25809345
25808648
25808391
25808162
25807999
25806950
25806797
25806498
25805985
25803636
25803107
25802080
25800866
25800865
25800558
25798296
25798215
25797892
25797658
25796195
25792694
25792691
25792359
25791271
25790165
25788890
25785685
25785646
25784538
25783684
25783485
25782667
25781170
25780553
25779667
25778837
25778537
25777273
25774865
25774383
25774283
25774280
25774018
25773611
25772537
25772536
25772213
25769313
25769312
25766314
25765593
25765326
25762464
25761828
25759189
25758822
25758820
25758819
25758061
25756039
25754895
25754761
25754456
25754085
25754080
25753589
25752905
25752243
25749749
25749302
25748971
25748026
25746055
25745376
25745375
25745373
25745371
25745370
25742515
25741949
25741947
25741905
25741436
25741270
25739693
25739530
25739104
25738232
25737021
25737020
25737019
25733663
25733160
25733158
25733141
25732043
25731979
25729393
25729376
25728630
25727539
25726822
25726821
25726820
25726818
25725812
25725217
25722072
25722050
25721186
25720351
25717131
25717130
25714739
25714563
25714252
25712757
25712123
25711547
25711546
25710916
25710722
25710286
25710120
25709697
25708810
25708367
25707920
25707498
25707398
25704841
25704074
25703582
25703032
25701197
25698756
25698698
25697737
25695137
25695136
25695134
25694804
25694803
25694586
25694583
25694364
25694363
25694107
25692508
25691875
25691513
25691408
25690119
25689930
25689425
25688808
25687563
25687469
25687459
25686575
25685306
25685181
25684726
25683771
25683613
25683488
25682262
25682079
25681541
25679778
25679448
25678630
25677601
25677414
25676832
25673923
25673846
25670944
25667815
25666800
25666435
25666423
25663600
25663563
25663199
25662292
25661985
25660957
25657824
25657359
25656952
25655306
25655139
25654509
25653528
25653359
25653346
25653305
25653302
25652603
25652601
25651475
25651066
25650955
25650954
25650952
25650815
25650814
25650462
25648749
25647412
25646853
25646590
25646022
25643865
25643864
25642178
25641930
25641759
25641004
25641003
25640910
25638464
25637130
25636678
25636677
25636676
25634707
25634609
25633920
25633919
25633222
25632281
25631989
25631781
25630989
25630898
25630897
25630827
25630517
25630444
25630376
25630307
25629966
25629700
25629657
25629603
25629050
25627463
25626423
25626149
25625371
25621899
25621659
25620288
25620208
25618212
25617251
25614812
25614020
25614019
25613019
25612738
25610782
25610777
25610385
25609685
25609613
25609168
25608037
25606385
25606367
25606363
25606362
25604584
25603913
25602622
25602250
25602248
25601217
25601189
25600794
25600781
25599987
25599972
25599930
25599655
25599222
25597866
25597655
25595296
25595254
25592685
25592157
25588870
25587667
25587659
25585034
25584597
25584583
25583913
25583371
25582513
25581557
25581244
25578338
25578337
25576378
25576142
25575622
25575489
25575287
25575284
25573720
25573114
25571999
25570345
25570078
25569603
25567653
25567528
25567374
25563454
25563453
25562790
25562269
25561418
25561292
25561290
25559718
25559338
25558953
25558276
25556659
25554857
25553845
25553746
25553237
25552638
25552572
25551265
25549896
